  2.0000000e+000  4.6767296e+000  1.2197908e+000  2.9641098e+000  2.8036215e+000  3.2556701e+000  3.2324911e+000  2.4829275e+000  2.6156564e+000  3.1803384e+000  1.0726482e+000
  2.0000000e+000  2.8037487e+000  4.3326270e+000  3.9545139e+000  4.4514621e+000  3.9483546e+000  2.3735072e+000  3.3507701e+000  3.8251653e+000  2.2926730e+000  3.5370924e+000
  2.0000000e+000  4.8125815e+000  4.4746473e+000  3.2809532e+000  4.1118040e+000  2.0294115e+000  1.7428696e+000  3.6775475e+000  3.3017727e+000  5.0638770e+000  1.9401273e+000
  2.0000000e+000  1.7025765e+000  2.6171691e+000  2.6231711e+000  3.2962807e+000  3.4945446e+000  3.1427159e+000  2.4872629e+000  4.0514261e+000  2.7000840e+000  3.8817302e+000
  1.0000000e+000  2.9420367e+000  3.5299484e+000  2.4401086e+000  2.2929609e+000  2.0759370e+000  2.8226936e+000  1.9282824e+000  3.0251807e+000  2.8113061e+000  4.0190228e+000
  2.0000000e+000  2.8279013e+000  4.0214945e+000  3.8826132e+000  2.2747298e+000  3.4054926e+000  1.8492969e+000  1.8412519e+000  4.7783589e+000  1.7602539e+000  3.4348960e+000
  1.0000000e+000  2.4527073e+000  3.0363820e+000  1.1023142e+000  3.1536763e+000  2.2655496e+000  3.8706809e+000  3.1391975e+000  1.5899903e+000  2.7754047e+000  2.8242716e+000
  2.0000000e+000  4.9771946e+000  2.1321324e+000  3.6192316e+000  2.9174142e+000  3.0435113e+000  2.6255844e+000  1.1152039e+000  2.7561865e+000  2.5043148e+000  2.0025791e+000
  2.0000000e+000  2.4274764e+000  2.9403914e+000  2.8600996e+000  2.6988664e+000  1.9062372e+000  3.5068176e+000  2.2519585e+000  1.9210058e+000  2.2643165e+000  3.3003537e+000
  1.0000000e+000  2.2268514e+000  3.7958385e+000  1.7593699e+000  3.3759337e+000  2.7319066e+000  2.6902346e+000  3.4159926e+000  3.3819942e+000  2.2983087e+000  2.1477480e+000
  2.0000000e+000  4.8363253e+000  2.4236015e+000  4.5570143e+000  3.6304292e+000  3.8121737e+000  2.1913498e+000  3.9427575e+000  2.8858963e+000  3.0282218e+000  3.8973067e+000
  2.0000000e+000  1.7691331e+000  1.8118811e+000  4.5588842e+000  2.3550817e+000  3.3877107e+000  1.6089075e+000  2.4592043e+000  2.3238150e+000  4.1544499e+000  1.5016789e+000
  2.0000000e+000  2.4339087e+000  2.8241988e+000  2.7183717e+000  3.7993951e+000  5.0877693e+000  3.1808111e+000  2.7437421e+000  3.3691153e+000  3.8904382e+000  2.5450110e+000
  2.0000000e+000  3.0929801e+000  4.0756920e+000  3.2452549e+000  3.6419965e+000  4.5184137e+000  2.0647597e+000  2.2588513e+000  3.2610932e+000  4.2439084e+000  2.9354049e+000
  2.0000000e+000  2.0244078e+000  2.7275652e+000  2.6032849e+000  2.7757789e+000  2.3195195e+000  3.1532380e+000  3.6881976e+000  4.0554544e+000  2.9312602e+000  2.4926761e+000
  2.0000000e+000  3.5957041e+000  2.2274429e+000  1.9915828e+000  2.1318131e+000  2.4177477e+000  4.1104189e+000  2.7909012e+000  2.1113820e+000  2.2880875e+000  1.8765423e+000
  2.0000000e+000  1.9585141e+000  2.3941872e+000  2.1108191e+000  3.2788692e+000  2.1738206e+000  1.8435317e+000  4.2892683e+000  4.2236064e+000  4.8524855e+000  2.7559115e+000
  2.0000000e+000  2.4863140e+000  3.9619613e+000  3.9264566e+000  2.0414888e+000  1.4481082e+000  1.3974736e+000  4.7211070e+000  4.1260935e+000  3.3995859e+000  2.0969698e+000
  1.0000000e+000  3.4572903e+000  3.2860024e+000  2.5693058e+000  1.3842553e+000  3.0594131e+000  2.9007119e+000  3.3010677e+000  2.5008407e+000  3.6391316e+000  3.8699849e+000
  2.0000000e+000  4.3985264e+000  4.1717817e+000  3.1888976e+000  3.4071515e+000  2.7415298e+000  1.5549658e+000  3.4162099e+000  2.3831651e+000  2.2310208e+000  2.7115857e+000
  2.0000000e+000  3.9020410e+000  3.6618856e+000  1.9317460e+000  3.0061263e+000  3.4248333e+000  4.0837475e+000  3.4074749e+000  4.5359063e+000  3.4697733e+000  3.4399158e+000
  2.0000000e+000  3.1745892e+000  2.6755652e+000  3.3021031e+000  2.7557903e+000  2.9003932e+000  1.3670735e+000  2.8750511e-001  3.7208761e+000  3.7370362e+000  2.1677404e+000
  2.0000000e+000  2.2637251e+000  3.4211911e+000  3.5470442e+000  2.9755806e+000  2.5255859e+000  4.8751430e+000  3.2209695e+000  2.4171771e+000  4.1024975e+000  4.8922555e+000
  2.0000000e+000  2.7347222e+000  2.2055592e+000  2.7579812e+000  1.4642997e+000  2.8034868e+000  2.3403049e+000  5.9993522e+000  2.1613599e+000  3.7422209e+000  2.6932579e+000
  2.0000000e+000  2.5832247e+000  1.8264748e+000  2.7496018e+000  3.7443772e+000  3.4605070e+000  3.9876265e+000  3.0802498e+000  3.6379154e+000  3.6333990e+000  5.0344197e+000
  2.0000000e+000  4.4624100e+000  1.5379401e+000  2.7235105e+000  1.4180673e+000  4.1432701e+000  2.5967487e+000  1.3813191e+000  3.0779215e+000  3.5932348e+000  3.5167626e+000
  2.0000000e+000  3.5126569e+000  4.5507616e+000  2.8361422e+000  2.4355491e+000  2.9234034e+000  1.8500305e+000  2.5617810e+000  3.1106162e+000  3.5114899e+000  3.9856996e+000
  2.0000000e+000  5.8067511e+000  1.6561073e+000  1.2048603e+000  2.3279805e+000  2.1076333e+000  3.2005524e+000  3.3662139e+000  3.1380756e+000  3.4600281e+000  3.6521964e+000
  2.0000000e+000  2.5512009e+000  4.8973366e+000  2.0113799e+000  3.7494641e+000  2.9220287e+000  3.0251925e+000  1.7578831e+000  2.6037992e+000  4.2376097e+000  2.6129003e+000
  2.0000000e+000  5.2819894e+000  4.5975551e+000  3.5053830e+000  2.5518353e+000  4.1761689e+000  2.5005333e+000  1.1771503e+000  2.8663322e+000  2.9518636e+000  2.3297691e+000
  2.0000000e+000  3.8526744e+000  7.3660612e-001  3.8265381e+000  4.4573438e+000  3.1333175e+000  4.3024970e+000  1.8308644e+000  2.0917596e+000  2.3387689e+000  4.0106849e+000
  2.0000000e+000  1.7015761e+000  2.9484845e+000  3.1991662e+000  2.3542873e+000  1.6831517e+000  1.5954574e+000  3.2187487e+000  2.0726725e+000  3.3103980e+000  2.1919140e+000
  1.0000000e+000  4.2321739e+000  3.4733221e+000  3.6801525e+000  3.4279380e+000  2.5447307e+000  2.4822290e+000  3.0629924e+000  2.2294793e+000  3.5297645e+000  3.4757408e+000
  2.0000000e+000  4.4466232e+000  1.5466026e+000  2.4130525e+000  2.3779864e+000  1.8877086e+000  3.9401213e+000  2.8731706e+000  3.7102893e+000  4.3650632e+000  2.4277019e+000
  2.0000000e+000  3.2259175e+000  3.8307073e+000  4.2586744e+000  2.9467937e+000  6.8002536e-001  1.4660274e+000  4.1387658e+000  3.4512976e+000  3.3484367e+000  3.6941835e+000
  2.0000000e+000  2.5891398e+000  2.5167202e+000  3.7750418e+000  5.4447297e+000  3.3056284e+000  3.1987274e+000  3.7457823e+000  2.5229867e+000  1.6967489e+000  3.1821563e+000
  2.0000000e+000  3.7534845e+000  2.7373425e+000  3.2665040e+000  1.9655253e+000  4.6018177e+000  1.4176913e+000  2.7296451e+000  1.9936653e+000  3.5834106e+000  3.5602828e+000
  1.0000000e+000  4.2691969e+000  3.5126591e+000  2.9616447e+000  1.9041385e+000  2.9712728e+000  2.5194568e+000  2.8498747e+000  2.8994467e+000  1.1637839e+000  3.3445905e+000
  2.0000000e+000  4.1830311e+000  4.9590700e+000  2.8841465e+000  2.4474717e+000  2.8438459e+000  2.4947293e+000  4.5387019e+000  2.5125701e+000  9.8141118e-001  3.0975654e+000
  2.0000000e+000  2.7923580e+000  2.5492847e+000  2.8417627e+000  2.6343622e+000  1.8340905e+000  2.3397669e+000  2.4280409e+000  2.9693910e+000  2.6423580e+000  2.6487061e+000
  2.0000000e+000  3.0041288e+000  3.7422449e+000  1.1729004e+000  2.9210748e+000  1.7003319e+000  2.2915797e+000  2.6475789e+000  3.5734394e+000  3.5003219e+000  1.0985297e+000
  2.0000000e+000  1.1255761e+000  4.2670494e+000  2.5891907e+000  8.5718351e-001  2.3700769e+000  5.9570057e+000  2.8490892e+000  3.6604038e+000  2.8568606e+000  2.6339852e+000
  2.0000000e+000  2.7037742e+000  4.0776554e+000  3.1012912e+000  3.0687957e+000  3.1058873e+000  3.4384180e+000  2.7291906e+000  2.7921689e+000  1.7480066e+000  1.9324442e+000
  2.0000000e+000  1.5439789e+000  2.8923592e+000  3.5554705e+000  2.0077244e+000  3.6797206e+000  2.4393856e+000  4.1605816e+000  5.1741434e+000  3.0616549e+000  3.2681153e+000
  2.0000000e+000  2.3639996e+000  2.5085388e+000  1.5428970e+000  2.5239655e+000  4.2982702e+000  3.2725987e+000  9.6629788e-001  4.7244859e+000  4.0563853e+000  3.1721265e+000
  2.0000000e+000  2.8158192e+000  1.6004192e+000  4.1700892e+000  1.8887299e+000  2.5616637e+000  4.0119878e+000  1.9933770e+000  3.7007500e+000  1.6900242e+000  5.1758531e+000
  1.0000000e+000  3.6963302e+000  3.0210533e+000  4.8407858e+000  1.8964517e+000  1.6200646e+000  3.2852423e+000  1.9477779e+000  3.5398238e+000  3.0318421e+000  2.5103672e+000
  1.0000000e+000  2.2823857e+000  3.5289385e+000  3.2011719e+000  3.4951864e+000  2.0434585e+000  3.1558306e+000  3.8012735e+000  1.3959375e+000  4.0657990e+000  3.5048711e+000
  1.0000000e+000  3.5296552e+000  3.2195173e+000  2.1181514e+000  3.1808892e+000  4.9435265e+000  3.8501443e+000  2.4723843e+000  3.4078056e+000  4.1178959e+000  2.5173061e+000
  2.0000000e+000  3.8683534e+000  2.1690224e+000  2.3693934e+000  4.6670788e+000  8.6540855e-001  3.0828910e+000  6.1505647e+000  2.9047416e+000  2.3154713e+000  2.7645999e+000
  1.0000000e+000  1.5196810e+000  3.6352903e+000  3.8525107e+000  2.3675247e+000  1.8813510e+000  3.6357463e+000  3.8878860e+000  3.3779105e+000  2.5211341e+000  2.7360851e+000
  2.0000000e+000  3.5890356e+000  2.3753246e+000  2.9316271e+000  1.7918454e+000  3.7066146e+000  3.2074119e+000  3.0700017e+000  3.0111145e+000  3.3703511e+000  3.8438815e+000
  2.0000000e+000  4.3624153e+000  2.4985005e+000  3.2259251e+000  3.7855533e+000  2.7993214e+000  3.4131742e+000  2.2389939e+000  3.1749740e+000  3.5710721e+000  3.6002538e+000
  1.0000000e+000  3.2032890e+000  3.5864575e+000  2.8007859e+000  2.5704540e+000  3.6676182e+000  2.8961254e+000  3.2387813e+000  1.4798816e+000  2.7032737e+000  2.9700168e+000
  2.0000000e+000  3.5643053e+000  3.5882155e+000  3.7192013e+000  2.0889390e+000  2.2933318e+000  4.8399101e+000  2.5711837e+000  1.7629702e+000  2.6995257e+000  2.0020611e+000
  1.0000000e+000  4.0533654e+000  3.0674548e+000  3.2738927e+000  3.0721528e+000  4.3549870e+000  2.9738368e+000  3.7363175e+000  2.5793336e+000  3.6590420e+000  1.8699791e+000
  2.0000000e+000  2.5824778e+000  2.8233832e+000  4.0738630e+000  3.7294797e+000  1.1093755e+000  1.5229752e+000  2.8733810e+000  4.0698784e+000  2.2798546e+000  3.7683018e+000
  2.0000000e+000  2.7748776e+000  3.4872836e+000  2.2101792e+000  3.5398553e+000  3.7105113e+000  3.6146863e-001  3.7062452e+000  2.8747233e+000  2.9984153e+000  6.6251666e-001
  2.0000000e+000  4.7311954e+000  7.4650447e-001  2.4036555e+000  5.4646132e+000  2.6269071e+000  2.6658144e+000  3.7687794e+000  2.7524994e+000  2.9883189e+000  2.1636328e+000
  2.0000000e+000  3.7958775e+000  4.1241524e+000  3.1280350e+000  2.0426051e+000  3.1015075e+000  4.2982720e+000  3.9248209e+000  4.0647773e+000  3.4915891e+000  4.7413756e+000
  2.0000000e+000  1.5186829e+000  2.0238137e+000  1.8003420e+000  2.5585179e+000  2.7782369e+000  1.6584995e+000  2.5885196e+000  3.0069055e+000  2.8856205e+000  3.4876049e+000
  2.0000000e+000  3.0102597e+000  2.3624162e+000  3.8946811e+000  2.6736832e+000  3.4477049e+000  3.1495637e+000  2.4961772e+000  2.5529597e+000  3.9891935e+000  3.9077563e+000
  1.0000000e+000  2.5529564e+000  3.6621516e+000  2.7228184e+000  4.0783043e+000  6.8475073e-001  3.5041554e+000  2.7866858e+000  3.9528537e+000  3.4296329e+000  2.0060214e+000
  2.0000000e+000  4.0374307e+000  1.7070274e+000  3.8071375e+000  4.0240960e+000  4.2518605e+000  4.3751819e+000  2.9213475e+000  2.6402859e+000  4.1230661e+000  3.0745212e+000
  2.0000000e+000  3.3779452e+000  4.7606792e+000  3.4595273e+000  2.0880849e+000  2.1878526e+000  2.4352512e+000  4.3583870e+000  3.9341197e+000  3.2363044e+000  2.1531309e+000
  2.0000000e+000  2.6083395e+000  2.3263353e+000  2.5923550e+000  2.6389863e+000  4.0839658e+000  3.4972222e+000  2.5999394e+000  5.0290058e+000  8.4676154e-001  4.3949177e+000
  2.0000000e+000  4.5414573e+000  1.5309719e+000  3.6755743e+000  1.9887300e+000  1.6656470e+000  3.8476241e+000  4.5046487e+000  1.6494669e+000  1.7079046e+000  3.9641820e+000
  2.0000000e+000  3.1113276e+000  4.8053870e+000  1.2847264e+000  3.1112670e+000  3.4552199e+000  1.2238782e+000  2.9992439e+000  3.8329844e+000  2.4423336e+000  3.5081032e+000
  2.0000000e+000  2.3416160e+000  4.6180270e+000  3.7444102e+000  1.0875475e+000  3.8752145e+000  1.6836301e+000  2.9494028e+000  2.9132264e+000  3.5987418e+000  3.4277601e+000
  2.0000000e+000  3.2997212e+000  2.7887962e+000  4.0496204e+000  2.2874779e+000  2.4395318e+000  2.1135410e+000  3.8389640e+000  3.6980309e+000  2.2060224e+000  3.9564319e+000
  2.0000000e+000  1.2221805e+000  4.2953618e+000  2.8338378e+000  2.7688905e+000  3.1263636e+000  3.5337772e+000  1.2556005e+000  2.8076779e+000  2.5722225e+000  2.4845164e+000
  2.0000000e+000  3.6868264e+000  2.5148244e+000  1.7075411e+000  2.5702364e+000  4.1754814e+000  1.8102989e+000  2.9259271e+000  3.2824892e+000  3.6671656e+000  3.3086177e+000
  2.0000000e+000  3.1600530e+000  2.9621930e+000  3.3668563e+000  2.2684034e+000  1.2929535e+000  2.1669347e+000  3.0641669e+000  2.6022966e+000  2.0869928e+000  3.8255174e+000
  2.0000000e+000  2.6597486e+000  2.8718361e+000  3.3335933e+000  1.6203403e+000  3.3184262e+000  2.3951087e+000  3.7695855e+000  2.5055063e+000  3.3602925e+000  3.8351722e+000
  2.0000000e+000  3.8475299e+000  5.1409061e+000  2.6177352e+000  2.4602559e+000  2.2105877e+000  3.0921716e+000  3.6355399e+000  2.9060038e+000  4.0238559e+000  1.3690397e+000
  2.0000000e+000  3.9743670e+000  3.5641708e+000  3.6268015e+000  4.5802265e+000  2.4525182e+000  3.9506850e+000  3.5079350e+000  1.6195416e+000  3.6141020e+000  3.0459756e+000
  2.0000000e+000  2.3735559e+000  4.6693933e+000  4.7463317e+000  3.7702209e+000  3.2217880e+000  2.2059496e+000  3.8168332e+000  4.6527645e+000  3.6396277e+000  3.2336917e+000
  2.0000000e+000  4.7788600e+000  4.1605541e+000  1.9371997e+000  2.9544101e+000  1.9630415e+000  1.8903157e+000  2.2973526e+000  2.5064711e+000  1.9786684e+000  8.5414115e-001
  2.0000000e+000  1.0798864e+000  2.9931254e+000  3.2754863e+000  3.1684864e+000  2.9246835e+000  3.7689689e+000  3.1123602e+000  3.7167046e+000  3.4492487e+000  2.1319557e+000
  2.0000000e+000  3.0096471e+000  2.3166742e+000  3.3422865e+000  4.3196790e+000  3.3384158e+000  4.2492701e+000  2.5393295e+000  1.5682656e+000  1.9836377e+000  2.8004037e+000
  1.0000000e+000  2.9559832e+000  3.1111190e+000  2.9414681e+000  2.7534110e+000  1.4044811e+000  3.8213727e+000  1.4040740e+000  4.3019641e+000  3.4913972e+000  3.0778636e+000
  2.0000000e+000  5.0714016e+000  3.9646664e+000  3.6609826e+000  2.9845175e+000  2.0421855e+000  1.6302839e+000  2.7883595e+000  3.2232457e+000  3.1694047e+000  2.9905063e+000
  2.0000000e+000  2.7617690e+000  3.0133596e+000  1.8279857e+000  1.5135013e+000  3.0397803e+000  5.6176254e+000  4.5767384e+000  2.7675028e+000  3.1236737e+000  3.2259296e+000
  1.0000000e+000  4.4467404e+000  3.8608725e+000  4.0631063e+000  2.1990244e+000  5.9035302e+000  3.3057262e+000  4.9078885e+000  2.9538415e+000  3.5760194e+000  3.2384352e+000
  1.0000000e+000  3.2352580e+000  3.4129661e+000  3.7920707e+000  1.7045458e+000  2.3905343e+000  3.5772454e+000  2.6673208e+000  3.2503765e+000  3.7130073e+000  3.3139011e+000
  2.0000000e+000  1.7325541e+000  2.5871163e+000  3.7511573e+000  1.6029377e+000  2.2113529e+000  2.8391961e+000  2.1905342e+000  2.4667695e+000  3.2237391e+000  3.3824314e+000
  2.0000000e+000  3.2326429e+000  2.7182385e+000  3.4973382e+000  3.7658221e+000  2.4416970e+000  3.5866860e+000  1.4414349e+000  3.5020450e+000  1.8777549e+000  4.1169283e+000
  2.0000000e+000  3.1065389e+000  2.0300744e+000  3.3215798e+000  1.8084402e+000  4.1223780e+000  6.7756365e+000  3.7422372e+000  2.7316667e+000  2.4585822e+000  2.6530341e+000
  2.0000000e+000  5.4497795e+000  3.6135305e+000  1.8791057e+000  3.0810732e+000  5.3356111e+000  4.2587673e+000  3.0577104e+000  2.0835034e+000  3.5326084e+000  3.1709090e+000
  1.0000000e+000  1.6303635e+000  3.3463139e+000  3.5186261e+000  1.7456740e+000  9.0896442e-002  3.5275027e+000  3.3742227e+000  4.4060615e+000  2.8595333e+000  3.8140569e+000
  2.0000000e+000  4.1220228e+000  1.7968247e+000  3.0931422e+000  1.4657843e+000  3.4610467e+000  2.1866886e+000  2.2625627e+000  3.7018397e+000  2.5018837e+000  4.8196187e+000
  1.0000000e+000  2.6526310e+000  3.1740002e+000  3.4914991e+000  5.6053375e-001  2.0731658e+000  3.6298500e+000  2.5185959e+000  1.7254859e+000  4.4222693e+000  3.1187083e+000
  2.0000000e+000  7.2283962e-001  1.7533436e+000  3.7742391e+000  3.7642567e+000  2.2164942e+000  4.0691124e+000  1.7289074e+000  4.5979293e+000  3.6134988e+000  3.6223230e+000
  2.0000000e+000  2.0793497e+000  2.5665555e+000  3.4383091e+000  4.8065690e+000  1.8796687e+000  3.4270644e+000  1.5272185e+000  3.1208462e+000  2.1752422e+000  4.7882368e+000
  2.0000000e+000  2.0335309e+000  2.4807187e+000  1.5068278e+000  4.3074966e+000  1.7606495e+000  2.2386429e+000  3.2720739e+000  4.2551697e+000  1.7726424e+000  4.0734651e+000
  2.0000000e+000  2.6855322e+000  3.9026125e+000  3.8162939e+000  5.1796377e+000  4.0974856e+000  3.9001611e+000  2.8644585e+000  3.0824150e+000  3.3793816e+000  3.8331982e+000
  2.0000000e+000  3.9151099e+000  2.8675722e+000  2.0951880e+000  1.8253524e+000  3.7119118e+000  1.3381119e+000  3.7938381e+000  3.4426573e+000  3.0631854e+000  1.3912947e+000
  2.0000000e+000  2.2923506e+000  3.2063502e+000  3.6250385e+000  2.2859467e+000  1.7568708e+000  1.8441968e+000  2.8109388e+000  3.9266609e+000  2.7328178e+000  5.4098328e+000
  1.0000000e+000  4.6441335e+000  3.0782007e+000  5.0584451e+000  1.9040049e+000  2.5849814e+000  2.7771664e+000  3.5453441e+000  4.8418424e+000  1.2324184e+000  3.7333750e+000
  2.0000000e+000  2.6217569e+000  2.4619850e+000  9.2908572e-001  7.6905752e-001  2.0010050e+000  4.5861640e+000  3.4620195e+000  2.4746305e+000  4.8146390e+000  2.9710237e+000
